a 2248     3016     2044    2143
a 939     1083     1200     1254 
a 710      706      760      720 
a 4527     3579     4526     4509 
a 431      667      564      539 
a 481      574      528      621 
a 1333     1552     1576     1998 
a 1352      841     1054      714 
a 2963     3017     3424     3426 
a 968      805      448      490 
b 3426    14362     1660     5000 
b 631     1293      858     1367 
b 3956     1891     1170      987
b 1166     1626     1561     1485
b 864      855      875     1032
b 2630      NA        NA      54867
b 575      496      534      487
b 626      634      583      653
b 2139     2143     2719     2462
b 744      337      217      100
b 3799     2872     4284     2857
b 372      163     1034     1400
b 8118      850     1100    21000
c 2125     2203     1361     1600
c 2248     3016     2044     2143               
c 939     1083     1200     1254 
c 710      706      760      720 
c 4527     3579     4526     4509 
c  431      667      564      539 
c  481      574      528      621 